

DAT_0060d120:
	byte string
0d 00 0c 00 30 00 15 00 27 00 54 00 06 00 6d 00 1d 00 11 00 43 00 51 00 52 00 13 00 27 00 29 00 04 00 5e 00 66 00 51 00 36 00 02 00 14 00 42 00 66 00 18 00 66 00 63 00 10 00 63 00 17 00 14 00
0d000c00300015002700540006006d001d00110043005100520013002700290004005e0066005100360002001400420066001800660063001000630017001400
0d0c30152754066d1d11435152132729045e6651360214426618666310631714

XOR ^

CcD5E5bF617973AEe9F8E84bF8FC0C74
43 00 63 00 44 00 35 00 45 00 35 00 62 00 46 00 36 00 31 00 37 00 39 00 37 00 33 00 41 00 45 00 65 00 39 00 46 00 38 00 45 00 38 00 34 00 62 00 46 00 38 00 46 00 43 00 30 00 43 00 37 00 34 00
43006300440035004500350062004600360031003700390037003300410045006500390046003800450038003400620046003800460043003000430037003400


https://gchq.github.io/CyberChef/#recipe=From_Charcode('Space',16/disabled)XOR(%7B'option':'Hex','string':'0d0c30152754066d1d11435152132729045e6651360214426618666310631714'%7D,'Standard',false)To_Hexdump(16,false,false/disabled)To_Hex('Space',0/disabled)&input=Q2NENUU1YkY2MTc5NzNBRWU5RjhFODRiRjhGQzBDNzQ

Not bad++ the flag is:          


MessageBoxW((HWND)0x0,lpwstrCommandLine + 0x32,(LPCWSTR)ushortXoredString,0);

Stack[-0x14] + 0x32
Stack[



DAT_0060d0c0
byte string
02 00 20 00 0d 00 4e 00 7c 00 00 00 56 00 22 00 0e 00 55 00 55 00 08 00 03 00 0a 00 75 00 72 00 54 00 5f 00 70 00 01 00 7d 00 0c 00 57 00 00 00 74 00 0f 00 72 00 75 00 53 00 72 00 53 00 49 00
020020000d004e007c000000560022000e0055005500080003000a007500720054005f00700001007d000c005700000074000f00720075005300720053004900
02200d4e7c0056220e555508030a7572545f70017d0c5700740f727553725349

https://gchq.github.io/CyberChef/#recipe=From_Charcode('Space',16/disabled)XOR(%7B'option':'Hex','string':'02200d4e7c0056220e555508030a7572545f70017d0c5700740f727553725349'%7D,'Standard',false)To_Hexdump(16,false,false/disabled)To_Hex('Space',0/disabled)&input=Q2NENUU1YkY2MTc5NzNBRWU5RjhFODRiRjhGQzBDNzQ

ACI{954d8db149471f6984cb2746c1d}